1782235224 28417484 9660597
1782235239 29952063 10173969
1782235255 31482743 10699178
1782235270 33100678 11228973
1782235286 34662818 11753578
1782235302 36257827 12278404
1782235318 37836643 12819110
1782235334 38608000 12869676
1782235346 38608000 12869676
1782235358 38608000 12869676
1782235369 38608000 12869676
1782235381 38608000 12869676
1782235393 39675877 13402157
1782235409 41396019 13975366
1782235427 43112987 14506999
1782235444 44744979 15108107
1782235461 46385564 15663846
1782235477 48034891 16176824
